155 93
3 5
3 3 3 3 3 3 3 3 3 3 3 3 3 3 3 3 3 3 3 3 3 3 3 3 3 3 3 3 3 3 3 3 3 3 3 3 3 3 3 3 3 3 3 3 3 3 3 3 3 3 3 3 3 3 3 3 3 3 3 3 3 3 3 3 3 3 3 3 3 3 3 3 3 3 3 3 3 3 3 3 3 3 3 3 3 3 3 3 3 3 3 3 3 3 3 3 3 3 3 3 3 3 3 3 3 3 3 3 3 3 3 3 3 3 3 3 3 3 3 3 3 3 3 3 3 3 3 3 3 3 3 3 3 3 3 3 3 3 3 3 3 3 3 3 3 3 3 3 3 3 3 3 3 3 3
5 5 5 5 5 5 5 5 5 5 5 5 5 5 5 5 5 5 5 5 5 5 5 5 5 5 5 5 5 5 5 5 5 5 5 5 5 5 5 5 5 5 5 5 5 5 5 5 5 5 5 5 5 5 5 5 5 5 5 5 5 5 5 5 5 5 5 5 5 5 5 5 5 5 5 5 5 5 5 5 5 5 5 5 5 5 5 5 5 5 5 5 5
31 58 69
1 59 70
2 60 71
3 61 72
4 62 73
5 32 74
6 33 75
7 34 76
8 35 77
9 36 78
10 37 79
11 38 80
12 39 81
13 40 82
14 41 83
15 42 84
16 43 85
17 44 86
18 45 87
19 46 88
20 47 89
21 48 90
22 49 91
23 50 92
24 51 93
25 52 63
26 53 64
27 54 65
28 55 66
29 56 67
30 57 68
30 53 75
31 54 76
1 55 77
2 56 78
3 57 79
4 58 80
5 59 81
6 60 82
7 61 83
8 62 84
9 32 85
10 33 86
11 34 87
12 35 88
13 36 89
14 37 90
15 38 91
16 39 92
17 40 93
18 41 63
19 42 64
20 43 65
21 44 66
22 45 67
23 46 68
24 47 69
25 48 70
26 49 71
27 50 72
28 51 73
29 52 74
28 43 87
29 44 88
30 45 89
31 46 90
1 47 91
2 48 92
3 49 93
4 50 63
5 51 64
6 52 65
7 53 66
8 54 67
9 55 68
10 56 69
11 57 70
12 58 71
13 59 72
14 60 73
15 61 74
16 62 75
17 32 76
18 33 77
19 34 78
20 35 79
21 36 80
22 37 81
23 38 82
24 39 83
25 40 84
26 41 85
27 42 86
24 54 80
25 55 81
26 56 82
27 57 83
28 58 84
29 59 85
30 60 86
31 61 87
1 62 88
2 32 89
3 33 90
4 34 91
5 35 92
6 36 93
7 37 63
8 38 64
9 39 65
10 40 66
11 41 67
12 42 68
13 43 69
14 44 70
15 45 71
16 46 72
17 47 73
18 48 74
19 49 75
20 50 76
21 51 77
22 52 78
23 53 79
16 45 66
17 46 67
18 47 68
19 48 69
20 49 70
21 50 71
22 51 72
23 52 73
24 53 74
25 54 75
26 55 76
27 56 77
28 57 78
29 58 79
30 59 80
31 60 81
1 61 82
2 62 83
3 32 84
4 33 85
5 34 86
6 35 87
7 36 88
8 37 89
9 38 90
10 39 91
11 40 92
12 41 93
13 42 63
14 43 64
15 44 65
2 34 67 102 141
3 35 68 103 142
4 36 69 104 143
5 37 70 105 144
6 38 71 106 145
7 39 72 107 146
8 40 73 108 147
9 41 74 109 148
10 42 75 110 149
11 43 76 111 150
12 44 77 112 151
13 45 78 113 152
14 46 79 114 153
15 47 80 115 154
16 48 81 116 155
17 49 82 117 125
18 50 83 118 126
19 51 84 119 127
20 52 85 120 128
21 53 86 121 129
22 54 87 122 130
23 55 88 123 131
24 56 89 124 132
25 57 90 94 133
26 58 91 95 134
27 59 92 96 135
28 60 93 97 136
29 61 63 98 137
30 62 64 99 138
31 32 65 100 139
1 33 66 101 140
6 42 83 103 143
7 43 84 104 144
8 44 85 105 145
9 45 86 106 146
10 46 87 107 147
11 47 88 108 148
12 48 89 109 149
13 49 90 110 150
14 50 91 111 151
15 51 92 112 152
16 52 93 113 153
17 53 63 114 154
18 54 64 115 155
19 55 65 116 125
20 56 66 117 126
21 57 67 118 127
22 58 68 119 128
23 59 69 120 129
24 60 70 121 130
25 61 71 122 131
26 62 72 123 132
27 32 73 124 133
28 33 74 94 134
29 34 75 95 135
30 35 76 96 136
31 36 77 97 137
1 37 78 98 138
2 38 79 99 139
3 39 80 100 140
4 40 81 101 141
5 41 82 102 142
26 51 70 108 153
27 52 71 109 154
28 53 72 110 155
29 54 73 111 125
30 55 74 112 126
31 56 75 113 127
1 57 76 114 128
2 58 77 115 129
3 59 78 116 130
4 60 79 117 131
5 61 80 118 132
6 62 81 119 133
7 32 82 120 134
8 33 83 121 135
9 34 84 122 136
10 35 85 123 137
11 36 86 124 138
12 37 87 94 139
13 38 88 95 140
14 39 89 96 141
15 40 90 97 142
16 41 91 98 143
17 42 92 99 144
18 43 93 100 145
19 44 63 101 146
20 45 64 102 147
21 46 65 103 148
22 47 66 104 149
23 48 67 105 150
24 49 68 106 151
25 50 69 107 152
